0.0127	1.000000000000	0.0000
0.0141	0.994169961472	0.0000
0.0156	0.991272018364	0.0000
0.0170	0.989504189778	0.0000
0.0184	0.988450221495	0.0000
0.0198	0.991034772511	0.0000
0.0212	0.986496367860	0.0000
0.0226	0.982213628323	0.0000
0.0241	0.977128902545	0.0000
0.0255	0.966562434024	0.0000
0.0269	0.943554519177	0.0000
0.0283	0.897871353636	0.0000
0.0298	0.799002761898	0.0000
0.0312	0.605122376001	0.0000
0.0326	0.325920521018	0.0000
0.0340	0.143680041668	0.0000
0.0354	0.091249172612	0.0000
0.0369	0.071440784685	0.0000
0.0383	0.057644305364	0.0000
0.0397	0.046459333873	0.0000
0.0411	0.036323383446	0.0000
0.0426	0.027586958814	0.0000
0.0440	0.020613909368	0.0000
0.0454	0.014812868788	0.0000
0.0468	0.010253748147	0.0000
0.0483	0.006876784056	0.0000
0.0497	0.004453770670	0.0000
0.0511	0.002863079886	0.0000
0.0525	0.001899768034	0.0000
0.0540	0.001369885641	0.0000
0.0554	0.001165456075	0.0000
0.0568	0.001135865298	0.0000
0.0583	0.001191207067	0.0000
0.0597	0.001277152247	0.0000
0.0611	0.001349046373	0.0000
0.0625	0.001385596398	0.0000
0.0640	0.001380983561	0.0000
0.0654	0.001327829341	0.0000
0.0668	0.001243477232	0.0000
0.0682	0.001131265502	0.0000
0.0697	0.001004210222	0.0000
0.0711	0.000877950925	0.0000
0.0725	0.000761248824	0.0000
0.0739	0.000650738237	0.0000
0.0753	0.000554843761	0.0000
0.0768	0.000481882042	0.0000
0.0782	0.000417385999	0.0000
0.0796	0.000372104566	0.0000
0.0810	0.000337415997	0.0000
0.0825	0.000310058313	0.0000
0.0839	0.000291448168	0.0000
0.0853	0.000272957024	0.0000
0.0867	0.000258711876	0.0000
0.0882	0.000244326606	0.0000
0.0896	0.000229718582	0.0000
0.0910	0.000215421720	0.0000
0.0925	0.000200584488	0.0000
0.0939	0.000183160022	0.0000
0.0953	0.000168037743	0.0000
0.0967	0.000152844097	0.0000
0.0982	0.000140321452	0.0000
0.0996	0.000129049543	0.0000
0.1010	0.000120699480	0.0000
0.1024	0.000109509711	0.0000
0.1039	0.000103954343	0.0000
0.1053	0.000098170509	0.0000
0.1067	0.000093667818	0.0000
0.1081	0.000088008522	0.0000
0.1095	0.000085410530	0.0000
0.1110	0.000081622453	0.0000
0.1124	0.000078921672	0.0000
0.1138	0.000075353655	0.0000
0.1152	0.000070740956	0.0000
0.1167	0.000067763381	0.0000
0.1181	0.000063088080	0.0000
0.1195	0.000058965566	0.0000
0.1209	0.000054362400	0.0000
0.1224	0.000051627530	0.0000
0.1238	0.000048458470	0.0000
0.1252	0.000044315090	0.0000
0.1266	0.000041212497	0.0000
0.1281	0.000039174392	0.0000
0.1295	0.000036760288	0.0000
0.1309	0.000034706439	0.0000
0.1323	0.000033265825	0.0000
0.1337	0.000032009542	0.0000
0.1351	0.000030123291	0.0000
0.1366	0.000030183445	0.0000
0.1380	0.000028063102	0.0000
0.1394	0.000027516822	0.0000
0.1408	0.000026089437	0.0000
0.1422	0.000025144124	0.0000
0.1437	0.000023107689	0.0000
0.1451	0.000022353731	0.0000
0.1465	0.000021131155	0.0000
0.1479	0.000020426994	0.0000
0.1494	0.000019804856	0.0000
0.1508	0.000018301712	0.0000
0.1522	0.000017348130	0.0000
0.1536	0.000016793927	0.0000
0.1551	0.000016190948	0.0000
0.1565	0.000015254062	0.0000
0.1579	0.000014776276	0.0000
0.1593	0.000013887650	0.0000
0.1608	0.000013634742	0.0000
0.1621	0.000013007340	0.0000
0.1636	0.000012555747	0.0000
0.1650	0.000011946204	0.0000
0.1664	0.000011550555	0.0000
0.1678	0.000010955188	0.0000
0.1693	0.000010763505	0.0000
0.1707	0.000010656939	0.0000
0.1721	0.000009675182	0.0000
0.1735	0.000009371960	0.0000
0.1750	0.000009011131	0.0000
0.1764	0.000008687264	0.0000
0.1778	0.000008111354	0.0000
0.1792	0.000007807078	0.0000
0.1806	0.000007828234	0.0000
0.1821	0.000007191716	0.0000
0.1835	0.000007046397	0.0000
0.1849	0.000006773784	0.0000
0.1863	0.000006432497	0.0000
0.1878	0.000006233027	0.0000
0.1892	0.000006131662	0.0000
0.1906	0.000005902741	0.0000
0.1920	0.000005891192	0.0000
0.1935	0.000005503264	0.0000
0.1949	0.000005287039	0.0000
0.1963	0.000005415853	0.0000
0.1977	0.000005068141	0.0000
0.1991	0.000004899667	0.0000
0.2006	0.000004716179	0.0000
0.2020	0.000004398293	0.0000
0.2035	0.000004447196	0.0000
0.2049	0.000004115285	0.0000
0.2063	0.000003992556	0.0000
0.2077	0.000004005425	0.0000
0.2091	0.000003854804	0.0000
0.2106	0.000003668133	0.0000
0.2120	0.000003396857	0.0000
0.2134	0.000003318719	0.0000
0.2148	0.000003379231	0.0000
0.2163	0.000003127676	0.0000
0.2177	0.000003128861	0.0000
0.2191	0.000003109005	0.0000
0.2205	0.000002997357	0.0000
0.2220	0.000003016534	0.0000
0.2234	0.000002784166	0.0000
0.2248	0.000002880111	0.0000
0.2262	0.000002585409	0.0000
0.2276	0.000002492746	0.0000
0.2291	0.000002555125	0.0000
0.2305	0.000002502714	0.0000
0.2319	0.000002383298	0.0000
0.2334	0.000002245817	0.0000
0.2348	0.000002237803	0.0000
0.2362	0.000002033104	0.0000
0.2376	0.000002046233	0.0000
0.2391	0.000002029815	0.0000
0.2405	0.000001982236	0.0000
0.2419	0.000001835741	0.0000
0.2433	0.000001812854	0.0000
0.2448	0.000001879742	0.0000
0.2462	0.000001880701	0.0000
0.2476	0.000001710654	0.0000
0.2490	0.000001733916	0.0000
0.2504	0.000001864005	0.0000
0.2519	0.000001637508	0.0000
0.2533	0.000001684388	0.0000
0.2547	0.000001615949	0.0000
0.2561	0.000001608908	0.0000
0.2576	0.000001558942	0.0000
0.2590	0.000001471680	0.0000
0.2604	0.000001429434	0.0000
0.2618	0.000001298351	0.0000
0.2633	0.000001219373	0.0000
0.2647	0.000001240087	0.0000
0.2661	0.000001150972	0.0000
0.2675	0.000001189481	0.0000
0.2689	0.000001187305	0.0000
0.2704	0.000001201020	0.0000
0.2718	0.000001183077	0.0000
0.2732	0.000001147680	0.0000
0.2746	0.000001313902	0.0000
0.2760	0.000001308257	0.0000
0.2774	0.000001229272	0.0000
0.2789	0.000001239486	0.0000
0.2803	0.000001220110	0.0000
0.2817	0.000001190399	0.0000
0.2831	0.000001160810	0.0000
0.2846	0.000001044714	0.0000
0.2860	0.000001046628	0.0000
0.2874	0.000001048562	0.0000
0.2888	0.000000964266	0.0000
0.2903	0.000001005978	0.0000
0.2917	0.000000916864	0.0000
0.2931	0.000001003236	0.0000
0.2945	0.000001106556	0.0000
0.2959	0.000001063993	0.0000
0.2974	0.000001180703	0.0000
0.2988	0.000001186057	0.0000
0.3002	0.000001345044	0.0000
0.3016	0.000001413316	0.0000
0.3031	0.000001449100	0.0000
0.3044	0.000001335195	0.0000
0.3059	0.000001439002	0.0000
0.3073	0.000001352535	0.0000
0.3087	0.000001300190	0.0000
0.3101	0.000001154851	0.0000
0.3116	0.000001018304	0.0000
0.3130	0.000000870234	0.0000
0.3144	0.000000850777	0.0000
0.3158	0.000000930871	0.0000
0.3172	0.000000877731	0.0000
0.3187	0.000001075489	0.0000
0.3201	0.000001370416	0.0000
0.3215	0.000001600977	0.0000
0.3229	0.000002128221	0.0000
0.3244	0.000002756845	0.0000
0.3258	0.000003295606	0.0000
0.3272	0.000003649349	0.0000
0.3286	0.000004196573	0.0000
0.3300	0.000004667749	0.0000
0.3315	0.000004936175	0.0000
0.3329	0.000005034054	0.0000
0.3343	0.000004741715	0.0000
0.3357	0.000004408244	0.0000
0.3372	0.000003842273	0.0000
0.3386	0.000003468499	0.0000
0.3400	0.000002435357	0.0000
0.3414	0.000001933632	0.0000
0.3429	0.000001123839	0.0000
0.3443	0.000000751488	0.0000
0.3457	0.000000656497	0.0000
0.3472	0.000001111681	0.0000
0.3486	0.000002104404	0.0000
0.3500	0.000003694908	0.0000
0.3514	0.000006183115	0.0000
0.3528	0.000009088202	0.0000
0.3543	0.000013237056	0.0000
0.3557	0.000018285940	0.0000
0.3571	0.000023695633	0.0000
0.3585	0.000029963708	0.0000
0.3600	0.000036454449	0.0000
0.3614	0.000043600938	0.0000
0.3628	0.000050052321	0.0000
0.3642	0.000056624426	0.0000
0.3656	0.000063685699	0.0000
0.3671	0.000068812394	0.0000
0.3685	0.000073021298	0.0000
0.3699	0.000077297651	0.0000
0.3713	0.000079924226	0.0000
0.3728	0.000081520322	0.0000
0.3742	0.000082356338	0.0000
0.3756	0.000081325678	0.0000
0.3771	0.000078622500	0.0000
0.3785	0.000076395672	0.0000
0.3799	0.000072093131	0.0000
0.3813	0.000067255974	0.0000
0.3827	0.000061141764	0.0000
0.3842	0.000055706536	0.0000
0.3856	0.000049485901	0.0000
0.3870	0.000042928433	0.0000
0.3884	0.000037428179	0.0000
0.3899	0.000030647994	0.0000
0.3913	0.000025779849	0.0000
0.3927	0.000020980341	0.0000
0.3941	0.000016118741	0.0000
0.3955	0.000012462636	0.0000
0.3970	0.000009011064	0.0000
0.3984	0.000006596948	0.0000
0.3998	0.000004528201	0.0000
0.4012	0.000002926705	0.0000
0.4027	0.000001821363	0.0000
0.4041	0.000001003275	0.0000
0.4055	0.000000477084	0.0000
0.4069	0.000000270225	0.0000
0.4083	0.000000195295	0.0000
0.4098	0.000000188739	0.0000
0.4112	0.000000273282	0.0000
0.4126	0.000000378930	0.0000
0.4140	0.000000560950	0.0000
0.4154	0.000000596590	0.0000
0.4169	0.000000677724	0.0000
0.4183	0.000000713335	0.0000
0.4197	0.000000807415	0.0000
0.4211	0.000000695181	0.0000
0.4225	0.000000639832	0.0000
0.4239	0.000000616980	0.0000
0.4254	0.000000512973	0.0000
0.4268	0.000000415498	0.0000
0.4282	0.000000404066	0.0000
0.4296	0.000000358567	0.0000
0.4311	0.000000296864	0.0000
0.4325	0.000000246535	0.0000
0.4339	0.000000257848	0.0000
0.4353	0.000000215650	0.0000
0.4367	0.000000215618	0.0000
0.4382	0.000000213965	0.0000
0.4396	0.000000210693	0.0000
0.4410	0.000000157187	0.0000
0.4424	0.000000184711	0.0000
0.4438	0.000000184686	0.0000
0.4453	0.000000212199	0.0000
0.4467	0.000000173302	0.0000
0.4481	0.000000204050	0.0000
0.4495	0.000000168402	0.0000
0.4509	0.000000191049	0.0000
0.4523	0.000000158650	0.0000
0.4538	0.000000158632	0.0000
0.4552	0.000000148904	0.0000
0.4566	0.000000163454	0.0000
0.4580	0.000000147255	0.0000
0.4594	0.000000163421	0.0000
0.4609	0.000000186055	0.0000
0.4623	0.000000169860	0.0000
0.4637	0.000000127788	0.0000
0.4651	0.000000150420	0.0000
0.4666	0.000000121296	0.0000
0.4680	0.000000121286	0.0000
0.4694	0.000000118042	0.0000
0.4708	0.000000127734	0.0000
0.4722	0.000000106706	0.0000
0.4737	0.000000106698	0.0000
0.4751	0.000000095374	0.0000
0.4765	0.000000132545	0.0000
0.4779	0.000000109907	0.0000
0.4793	0.000000096971	0.0000
0.4808	0.000000117973	0.0000
0.4822	0.000000114734	0.0000
0.4836	0.000000096952	0.0000
0.4851	0.000000111488	0.0000
0.4865	0.000000122791	0.0000
0.4879	0.000000121168	0.0000
0.4893	0.000000124392	0.0000
0.4907	0.000000111462	0.0000
0.4922	0.000000108226	0.0000
0.4936	0.000000109836	0.0000
0.4950	0.000000088833	0.0000
0.4964	0.000000090444	0.0000
0.4979	0.000000104975	0.0000
0.4993	0.000000092051	0.0000
0.5007	0.000000096891	0.0000
0.5021	0.000000092042	0.0000
0.5035	0.000000088809	0.0000
0.5050	0.000000072659	0.0000
0.5064	0.000000093646	0.0000
0.5078	0.000000087184	0.0000
0.5092	0.000000098482	0.0000
0.5106	0.000000090407	0.0000
0.5121	0.000000087175	0.0000
0.5135	0.000000100086	0.0000
0.5149	0.000000088783	0.0000
0.5163	0.000000087166	0.0000
0.5178	0.000000106533	0.0000
0.5192	0.000000087161	0.0000
0.5206	0.000000104912	0.0000
0.5220	0.000000072630	0.0000
0.5235	0.000000095223	0.0000
0.5249	0.000000087151	0.0000
0.5263	0.000000056485	0.0000
0.5277	0.000000080691	0.0000
0.5291	0.000000088758	0.0000
0.5306	0.000000072619	0.0000
0.5320	0.000000075844	0.0000
0.5334	0.000000085525	0.0000
0.5348	0.000000090364	0.0000
0.5363	0.000000095203	0.0000
0.5377	0.000000056475	0.0000
0.5391	0.000000083904	0.0000
0.5405	0.000000098424	0.0000
0.5419	0.000000090355	0.0000
0.5434	0.000000095194	0.0000
0.5448	0.000000083898	0.0000
0.5462	0.000000087123	0.0000
0.5476	0.000000061308	0.0000
0.5490	0.000000106481	0.0000
0.5505	0.000000072599	0.0000
0.5519	0.000000082278	0.0000
0.5533	0.000000054851	0.0000
0.5547	0.000000080662	0.0000
0.5561	0.000000070982	0.0000
0.5576	0.000000088726	0.0000
0.5590	0.000000098404	0.0000
0.5604	0.000000082271	0.0000
0.5618	0.000000077431	0.0000
0.5632	0.000000051620	0.0000
0.5646	0.000000062911	0.0000
0.5660	0.000000074202	0.0000
0.5675	0.000000064523	0.0000
0.5689	0.000000064522	0.0000
0.5703	0.000000069361	0.0000
0.5717	0.000000072586	0.0000
0.5731	0.000000074199	0.0000
0.5746	0.000000054842	0.0000
0.5760	0.000000064519	0.0000
0.5774	0.000000061293	0.0000
0.5788	0.000000064518	0.0000
0.5802	0.000000080647	0.0000
0.5817	0.000000062905	0.0000
0.5831	0.000000056452	0.0000
0.5845	0.000000074194	0.0000
0.5859	0.000000062903	0.0000
0.5873	0.000000058064	0.0000
0.5887	0.000000067741	0.0000
0.5901	0.000000072579	0.0000
0.5916	0.000000056450	0.0000
0.5930	0.000000064514	0.0000
0.5944	0.000000074191	0.0000
0.5958	0.000000058062	0.0000
0.5972	0.000000074190	0.0000
0.5987	0.000000064513	0.0000
0.6001	0.000000056448	0.0000
0.6015	0.000000069351	0.0000
0.6029	0.000000079027	0.0000
0.6043	0.000000053222	0.0000
0.6058	0.000000053222	0.0000
0.6072	0.000000043545	0.0000
0.6086	0.000000058060	0.0000
0.6100	0.000000033868	0.0000
0.6114	0.000000048383	0.0000
0.6129	0.000000067736	0.0000
0.6143	0.000000079025	0.0000
0.6157	0.000000051608	0.0000
0.6171	0.000000059671	0.0000
0.6185	0.000000048382	0.0000
0.6200	0.000000061284	0.0000
0.6214	0.000000056445	0.0000
0.6228	0.000000059671	0.0000
0.6242	0.000000056445	0.0000
0.6256	0.000000075797	0.0000
0.6271	0.000000064508	0.0000
0.6285	0.000000051607	0.0000
0.6299	0.000000051606	0.0000
0.6314	0.000000062895	0.0000
0.6328	0.000000051606	0.0000
0.6342	0.000000058057	0.0000
0.6356	0.000000059669	0.0000
0.6370	0.000000049993	0.0000
0.6384	0.000000072571	0.0000
0.6399	0.000000056444	0.0000
0.6413	0.000000048380	0.0000
0.6427	0.000000038704	0.0000
0.6441	0.000000053218	0.0000
0.6455	0.000000043542	0.0000
0.6470	0.000000061281	0.0000
0.6484	0.000000058056	0.0000
0.6498	0.000000066119	0.0000
0.6512	0.000000051605	0.0000
0.6526	0.000000061281	0.0000
0.6541	0.000000064506	0.0000
0.6555	0.000000064506	0.0000
0.6569	0.000000058055	0.0000
0.6583	0.000000058055	0.0000
0.6598	0.000000051605	0.0000
0.6612	0.000000059668	0.0000
0.6626	0.000000054830	0.0000
0.6640	0.000000054830	0.0000
0.6654	0.000000056442	0.0000
0.6669	0.000000066118	0.0000
0.6683	0.000000059668	0.0000
0.6697	0.000000056442	0.0000
0.6711	0.000000064505	0.0000
0.6725	0.000000072569	0.0000
0.6740	0.000000056442	0.0000
0.6754	0.000000061280	0.0000
0.6768	0.000000053217	0.0000
0.6782	0.000000061280	0.0000
0.6796	0.000000070956	0.0000
0.6811	0.000000066118	0.0000
0.6825	0.000000058055	0.0000
0.6839	0.000000041928	0.0000
0.6853	0.000000061280	0.0000
0.6867	0.000000054829	0.0000
0.6881	0.000000066118	0.0000
0.6896	0.000000066118	0.0000
0.6910	0.000000070955	0.0000
0.6924	0.000000062892	0.0000
0.6938	0.000000066118	0.0000
0.6952	0.000000082244	0.0000
0.6967	0.000000082244	0.0000
0.6981	0.000000083856	0.0000
0.6995	0.000000067730	0.0000
0.7009	0.000000085469	0.0000
0.7023	0.000000098370	0.0000
0.7037	0.000000095145	0.0000
0.7051	0.000000138685	0.0000
0.7066	0.000000109658	0.0000
0.7080	0.000000090307	0.0000
0.7094	0.000000095144	0.0000
0.7108	0.000000093532	0.0000
0.7122	0.000000093532	0.0000
0.7136	0.000000083856	0.0000
0.7151	0.000000087081	0.0000
0.7165	0.000000069342	0.0000
0.7179	0.000000053216	0.0000
0.7193	0.000000059667	0.0000
0.7207	0.000000046766	0.0000
0.7222	0.000000083856	0.0000
0.7236	0.000000093532	0.0000
0.7250	0.000000108045	0.0000
0.7264	0.000000141910	0.0000
0.7278	0.000000193514	0.0000
0.7292	0.000000238667	0.0000
0.7306	0.000000309622	0.0000
0.7320	0.000000443468	0.0000
0.7335	0.000000441856	0.0000
0.7349	0.000000564414	0.0000
0.7363	0.000000633756	0.0000
0.7377	0.000000712774	0.0000
0.7391	0.000000712774	0.0000
0.7405	0.000000770828	0.0000
0.7420	0.000000911125	0.0000
0.7434	0.000001019170	0.0000
0.7448	0.000000993368	0.0000
0.7462	0.000001035296	0.0000
0.7476	0.000001148179	0.0000
0.7491	0.000001035296	0.0000
0.7505	0.000001067548	0.0000
0.7519	0.000001046584	0.0000
0.7533	0.000001015944	0.0000
0.7547	0.000000961116	0.0000
0.7561	0.000000957890	0.0000
0.7576	0.000000865971	0.0000
0.7590	0.000000851458	0.0000
0.7604	0.000000782116	0.0000
0.7618	0.000000680521	0.0000
0.7632	0.000000653107	0.0000
0.7646	0.000000516035	0.0000
0.7661	0.000000482170	0.0000
0.7675	0.000000414441	0.0000
0.7689	0.000000343486	0.0000
0.7704	0.000000312846	0.0000
0.7718	0.000000261243	0.0000
0.7732	0.000000204801	0.0000
0.7746	0.000000182225	0.0000
0.7760	0.000000103207	0.0000
0.7774	0.000000091919	0.0000
0.7789	0.000000082243	0.0000
0.7803	0.000000083856	0.0000
0.7817	0.000000062892	0.0000
0.7831	0.000000029027	0.0000
0.7845	0.000000038703	0.0000
0.7859	0.000000019351	0.0000
0.7874	0.000000029027	0.0000
0.7888	0.000000022577	0.0000
0.7902	0.000000027414	0.0000
0.7916	0.000000020964	0.0000
0.7930	0.000000025802	0.0000
0.7944	0.000000035477	0.0000
0.7959	0.000000040315	0.0000
0.7973	0.000000027414	0.0000
0.7987	0.000000032252	0.0000
0.8001	0.000000020964	0.0000
0.8016	0.000000035477	0.0000
0.8030	0.000000038703	0.0000
0.8044	0.000000038703	0.0000
0.8058	0.000000043540	0.0000
0.8072	0.000000029027	0.0000
0.8086	0.000000037090	0.0000
0.8101	0.000000017739	0.0000
0.8115	0.000000038703	0.0000
0.8129	0.000000048378	0.0000
0.8143	0.000000019351	0.0000
0.8157	0.000000019351	0.0000
0.8171	0.000000030640	0.0000
0.8186	0.000000035477	0.0000
0.8200	0.000000024189	0.0000
0.8214	0.000000024189	0.0000
0.8228	0.000000024189	0.0000
0.8242	0.000000016126	0.0000
0.8256	0.000000027414	0.0000
0.8271	0.000000027414	0.0000
0.8285	0.000000017739	0.0000
0.8299	0.000000025802	0.0000
0.8313	0.000000016126	0.0000
0.8327	0.000000020964	0.0000
0.8341	0.000000035477	0.0000
0.8356	0.000000019351	0.0000
0.8370	0.000000020964	0.0000
0.8384	0.000000040315	0.0000
0.8398	0.000000025802	0.0000
0.8412	0.000000016126	0.0000
0.8426	0.000000017739	0.0000
0.8440	0.000000020964	0.0000
0.8454	0.000000040315	0.0000
0.8468	0.000000025802	0.0000
0.8483	0.000000016126	0.0000
0.8497	0.000000025802	0.0000
0.8511	0.000000030640	0.0000
0.8525	0.000000019351	0.0000
0.8539	0.000000016126	0.0000
0.8553	0.000000029027	0.0000
0.8568	0.000000030640	0.0000
0.8582	0.000000029027	0.0000
0.8596	0.000000024189	0.0000
0.8610	0.000000027414	0.0000
0.8624	0.000000020964	0.0000
0.8638	0.000000030640	0.0000
0.8653	0.000000033865	0.0000
0.8667	0.000000025802	0.0000
0.8681	0.000000019351	0.0000
0.8695	0.000000032252	0.0000
0.8709	0.000000029027	0.0000
0.8723	0.000000024189	0.0000
0.8737	0.000000024189	0.0000
0.8751	0.000000025802	0.0000
0.8765	0.000000022577	0.0000
0.8780	0.000000014513	0.0000
0.8794	0.000000029027	0.0000
0.8808	0.000000020964	0.0000
0.8822	0.000000025802	0.0000
0.8836	0.000000027414	0.0000
0.8850	0.000000027414	0.0000
0.8864	0.000000029027	0.0000
0.8879	0.000000025802	0.0000
0.8893	0.000000024189	0.0000
0.8907	0.000000016126	0.0000
0.8921	0.000000033865	0.0000
0.8935	0.000000024189	0.0000
0.8949	0.000000024189	0.0000
0.8964	0.000000024189	0.0000
0.8978	0.000000017739	0.0000
0.8992	0.000000025802	0.0000
0.9006	0.000000032252	0.0000
0.9020	0.000000022577	0.0000
0.9034	0.000000029027	0.0000
0.9048	0.000000022577	0.0000
0.9063	0.000000027414	0.0000
0.9077	0.000000020964	0.0000
0.9091	0.000000027414	0.0000
0.9105	0.000000029027	0.0000
0.9120	0.000000030640	0.0000
0.9134	0.000000014513	0.0000
0.9148	0.000000022577	0.0000
0.9162	0.000000025802	0.0000
0.9176	0.000000038703	0.0000
0.9190	0.000000024189	0.0000
0.9204	0.000000020964	0.0000
0.9219	0.000000022577	0.0000
0.9233	0.000000024189	0.0000
0.9247	0.000000017739	0.0000
0.9261	0.000000020964	0.0000
0.9275	0.000000030640	0.0000
0.9289	0.000000019351	0.0000
0.9303	0.000000029027	0.0000
0.9318	0.000000033865	0.0000
0.9332	0.000000019351	0.0000
0.9346	0.000000025802	0.0000
0.9360	0.000000022577	0.0000
0.9374	0.000000019351	0.0000
0.9388	0.000000027414	0.0000
0.9402	0.000000022577	0.0000
0.9417	0.000000032252	0.0000
0.9431	0.000000035477	0.0000
0.9445	0.000000030640	0.0000
0.9459	0.000000024189	0.0000
0.9473	0.000000017739	0.0000
0.9488	0.000000022577	0.0000
0.9502	0.000000017739	0.0000
0.9516	0.000000035477	0.0000
0.9530	0.000000025802	0.0000
0.9544	0.000000024189	0.0000
0.9558	0.000000038703	0.0000
0.9572	0.000000027414	0.0000
0.9587	0.000000025802	0.0000
0.9601	0.000000024189	0.0000
0.9615	0.000000025802	0.0000
0.9629	0.000000024189	0.0000
0.9643	0.000000029027	0.0000
0.9657	0.000000022577	0.0000
0.9671	0.000000017739	0.0000
0.9686	0.000000022577	0.0000
0.9700	0.000000029027	0.0000
0.9714	0.000000016126	0.0000
0.9728	0.000000029027	0.0000
0.9742	0.000000033865	0.0000
0.9756	0.000000033865	0.0000
0.9770	0.000000025802	0.0000
0.9784	0.000000033865	0.0000
0.9799	0.000000032252	0.0000
0.9813	0.000000022577	0.0000
0.9827	0.000000020964	0.0000
0.9841	0.000000012901	0.0000
0.9855	0.000000037090	0.0000
0.9869	0.000000024189	0.0000
0.9883	0.000000024189	0.0000
0.9897	0.000000027414	0.0000
0.9911	0.000000030640	0.0000
0.9925	0.000000037090	0.0000
0.9940	0.000000024189	0.0000
0.9954	0.000000016126	0.0000
0.9968	0.000000022577	0.0000
0.9982	0.000000032252	0.0000
0.9996	0.000000024189	0.0000
1.0010	0.000000016126	0.0000
1.0024	0.000000032252	0.0000
1.0038	0.000000029027	0.0000
1.0053	0.000000020964	0.0000
1.0067	0.000000029027	0.0000
1.0081	0.000000030640	0.0000
1.0095	0.000000030640	0.0000
1.0109	0.000000025802	0.0000
1.0123	0.000000025802	0.0000
1.0137	0.000000016126	0.0000
1.0151	0.000000025802	0.0000
1.0165	0.000000025802	0.0000
1.0179	0.000000025802	0.0000
1.0194	0.000000024189	0.0000
1.0208	0.000000014513	0.0000
1.0222	0.000000024189	0.0000
1.0236	0.000000024189	0.0000
1.0250	0.000000027414	0.0000
1.0264	0.000000022577	0.0000
1.0278	0.000000027414	0.0000
1.0292	0.000000024189	0.0000
1.0307	0.000000020964	0.0000
1.0321	0.000000017739	0.0000
1.0335	0.000000022577	0.0000
1.0349	0.000000024189	0.0000
1.0363	0.000000037090	0.0000
1.0377	0.000000029027	0.0000
1.0391	0.000000037090	0.0000
1.0405	0.000000038703	0.0000
1.0419	0.000000027414	0.0000
1.0434	0.000000029027	0.0000
1.0448	0.000000033865	0.0000
1.0462	0.000000033865	0.0000
1.0476	0.000000025802	0.0000
1.0490	0.000000020964	0.0000
1.0504	0.000000030640	0.0000
1.0519	0.000000022577	0.0000
1.0533	0.000000024189	0.0000
1.0547	0.000000020964	0.0000
1.0561	0.000000030640	0.0000
1.0575	0.000000027414	0.0000
1.0589	0.000000030640	0.0000
1.0603	0.000000033865	0.0000
1.0617	0.000000020964	0.0000
1.0632	0.000000030640	0.0000
1.0646	0.000000024189	0.0000
1.0660	0.000000032252	0.0000
1.0674	0.000000020964	0.0000
1.0688	0.000000027414	0.0000
1.0702	0.000000032252	0.0000
1.0716	0.000000024189	0.0000
1.0730	0.000000032252	0.0000
1.0744	0.000000037090	0.0000
1.0759	0.000000027414	0.0000
1.0773	0.000000027414	0.0000
1.0787	0.000000020964	0.0000
1.0801	0.000000040315	0.0000
1.0815	0.000000035477	0.0000
1.0829	0.000000019351	0.0000
1.0843	0.000000025802	0.0000
1.0858	0.000000033865	0.0000
1.0872	0.000000037090	0.0000
1.0886	0.000000014513	0.0000
1.0900	0.000000016126	0.0000
1.0914	0.000000030640	0.0000
1.0928	0.000000029027	0.0000
1.0942	0.000000027414	0.0000
1.0956	0.000000024189	0.0000
1.0971	0.000000035477	0.0000
1.0985	0.000000022577	0.0000
1.0999	0.000000027414	0.0000
1.1013	0.000000035477	0.0000
1.1027	0.000000032252	0.0000
1.1041	0.000000029027	0.0000
1.1055	0.000000019351	0.0000
1.1069	0.000000025802	0.0000
1.1083	0.000000040315	0.0000
1.1098	0.000000037090	0.0000
1.1112	0.000000037090	0.0000
1.1126	0.000000038703	0.0000
1.1140	0.000000014513	0.0000
1.1154	0.000000041928	0.0000
1.1168	0.000000017739	0.0000
1.1182	0.000000046766	0.0000
1.1196	0.000000038703	0.0000
1.1210	0.000000030640	0.0000
1.1224	0.000000041928	0.0000
1.1239	0.000000040315	0.0000
1.1252	0.000000033865	0.0000
1.1266	0.000000040315	0.0000
1.1281	0.000000029027	0.0000
1.1295	0.000000045153	0.0000
1.1309	0.000000041928	0.0000
1.1323	0.000000045153	0.0000
1.1337	0.000000035477	0.0000
1.1351	0.000000032252	0.0000
1.1365	0.000000040315	0.0000
1.1379	0.000000043540	0.0000
1.1393	0.000000017739	0.0000
1.1407	0.000000012901	0.0000
1.1422	0.000000033865	0.0000
1.1436	0.000000027414	0.0000
1.1450	0.000000032252	0.0000
1.1464	0.000000030640	0.0000
1.1478	0.000000019351	0.0000
1.1492	0.000000024189	0.0000
1.1506	0.000000035477	0.0000
1.1520	0.000000020964	0.0000
1.1534	0.000000020964	0.0000
1.1548	0.000000022577	0.0000
1.1562	0.000000029027	0.0000
1.1576	0.000000037090	0.0000
1.1590	0.000000033865	0.0000
1.1604	0.000000019351	0.0000
1.1618	0.000000037090	0.0000
1.1633	0.000000027414	0.0000
1.1647	0.000000029027	0.0000
1.1661	0.000000017739	0.0000
1.1675	0.000000016126	0.0000
1.1689	0.000000016126	0.0000
1.1703	0.000000024189	0.0000
1.1717	0.000000017739	0.0000
1.1731	0.000000020964	0.0000
1.1745	0.000000016126	0.0000
1.1759	0.000000029027	0.0000
1.1773	0.000000046766	0.0000
1.1788	0.000000024189	0.0000
1.1802	0.000000029027	0.0000
1.1816	0.000000035477	0.0000
1.1830	0.000000035477	0.0000
1.1844	0.000000022577	0.0000
1.1858	0.000000029027	0.0000
1.1872	0.000000025802	0.0000
1.1886	0.000000024189	0.0000
1.1900	0.000000029027	0.0000
1.1914	0.000000029027	0.0000
1.1929	0.000000017739	0.0000
1.1943	0.000000020964	0.0000
1.1957	0.000000024189	0.0000
1.1971	0.000000022577	0.0000
1.1985	0.000000027414	0.0000
1.1999	0.000000027414	0.0000
1.2013	0.000000032252	0.0000
1.2027	0.000000017739	0.0000
1.2041	0.000000019351	0.0000
1.2055	0.000000020964	0.0000
1.2070	0.000000017739	0.0000
1.2084	0.000000032252	0.0000
1.2098	0.000000033865	0.0000
1.2112	0.000000025802	0.0000
1.2126	0.000000029027	0.0000
1.2140	0.000000024189	0.0000
1.2154	0.000000022577	0.0000
1.2168	0.000000030640	0.0000
1.2182	0.000000041928	0.0000
1.2196	0.000000025802	0.0000
1.2210	0.000000024189	0.0000
1.2224	0.000000017739	0.0000
1.2238	0.000000029027	0.0000
1.2253	0.000000014513	0.0000
1.2267	0.000000027414	0.0000
1.2281	0.000000032252	0.0000
1.2295	0.000000030640	0.0000
1.2309	0.000000033865	0.0000
1.2323	0.000000025802	0.0000
1.2337	0.000000025802	0.0000
1.2351	0.000000033865	0.0000
1.2365	0.000000030640	0.0000
1.2380	0.000000016126	0.0000
1.2394	0.000000053216	0.0000
1.2408	0.000000017739	0.0000
1.2422	0.000000017739	0.0000
1.2436	0.000000017739	0.0000
1.2450	0.000000038703	0.0000
1.2464	0.000000037090	0.0000
1.2478	0.000000022577	0.0000
1.2492	0.000000029027	0.0000
1.2506	0.000000012901	0.0000
1.2520	0.000000020964	0.0000
1.2534	0.000000019351	0.0000
1.2548	0.000000032252	0.0000
1.2562	0.000000014513	0.0000
1.2577	0.000000016126	0.0000
1.2591	0.000000032252	0.0000
1.2605	0.000000030640	0.0000
1.2619	0.000000019351	0.0000
1.2633	0.000000029027	0.0000
1.2647	0.000000032252	0.0000
1.2661	0.000000033865	0.0000
1.2675	0.000000033865	0.0000
1.2689	0.000000030640	0.0000
1.2703	0.000000024189	0.0000
1.2717	0.000000024189	0.0000
1.2731	0.000000038703	0.0000
1.2745	0.000000030640	0.0000
1.2759	0.000000019351	0.0000
1.2773	0.000000032252	0.0000
1.2787	0.000000030640	0.0000
1.2801	0.000000032252	0.0000
1.2815	0.000000019351	0.0000
1.2829	0.000000032252	0.0000
1.2843	0.000000024189	0.0000
1.2857	0.000000027414	0.0000
1.2871	0.000000037090	0.0000
1.2886	0.000000024189	0.0000
1.2900	0.000000024189	0.0000
1.2914	0.000000025802	0.0000
1.2928	0.000000022577	0.0000
1.2942	0.000000029027	0.0000
1.2955	0.000000025802	0.0000
1.2970	0.000000035477	0.0000
1.2984	0.000000024189	0.0000
1.2998	0.000000027414	0.0000
1.3012	0.000000027414	0.0000
1.3026	0.000000029027	0.0000
1.3040	0.000000040315	0.0000
1.3054	0.000000019351	0.0000
1.3068	0.000000020964	0.0000
1.3082	0.000000016126	0.0000
1.3096	0.000000020964	0.0000
1.3110	0.000000017739	0.0000
1.3124	0.000000025802	0.0000
1.3138	0.000000022577	0.0000
1.3152	0.000000024189	0.0000
1.3166	0.000000037090	0.0000
1.3180	0.000000016126	0.0000
1.3194	0.000000025802	0.0000
1.3208	0.000000032252	0.0000
1.3222	0.000000020964	0.0000
1.3236	0.000000017739	0.0000
1.3251	0.000000022577	0.0000
1.3265	0.000000022577	0.0000
1.3279	0.000000025802	0.0000
1.3293	0.000000032252	0.0000
1.3307	0.000000032252	0.0000
1.3321	0.000000030640	0.0000
1.3335	0.000000017739	0.0000
1.3349	0.000000022577	0.0000
1.3363	0.000000024189	0.0000
1.3377	0.000000027414	0.0000
1.3391	0.000000022577	0.0000
1.3405	0.000000029027	0.0000
1.3419	0.000000033865	0.0000
1.3433	0.000000038703	0.0000
1.3448	0.000000027414	0.0000
1.3462	0.000000027414	0.0000
1.3476	0.000000038703	0.0000
1.3490	0.000000029027	0.0000
1.3504	0.000000049991	0.0000
1.3518	0.000000017739	0.0000
1.3532	0.000000043540	0.0000
1.3546	0.000000032252	0.0000
1.3560	0.000000017739	0.0000
1.3574	0.000000030640	0.0000
1.3588	0.000000025802	0.0000
1.3602	0.000000025802	0.0000
1.3616	0.000000032252	0.0000
1.3630	0.000000037090	0.0000
1.3644	0.000000035477	0.0000
1.3658	0.000000032252	0.0000
1.3672	0.000000024189	0.0000
1.3687	0.000000017739	0.0000
1.3701	0.000000027414	0.0000
1.3715	0.000000029027	0.0000
1.3729	0.000000030640	0.0000
1.3743	0.000000030640	0.0000
1.3757	0.000000025802	0.0000
1.3771	0.000000027414	0.0000
1.3785	0.000000022577	0.0000
1.3799	0.000000037090	0.0000
1.3813	0.000000025802	0.0000
1.3827	0.000000027414	0.0000
1.3841	0.000000016126	0.0000
1.3855	0.000000022577	0.0000
1.3869	0.000000016126	0.0000
1.3883	0.000000048378	0.0000
1.3897	0.000000024189	0.0000
1.3911	0.000000011288	0.0000
1.3925	0.000000022577	0.0000
1.3939	0.000000024189	0.0000
1.3953	0.000000024189	0.0000
1.3967	0.000000027414	0.0000
1.3981	0.000000035477	0.0000
1.3995	0.000000024189	0.0000
1.4009	0.000000029027	0.0000
1.4023	0.000000019351	0.0000
1.4037	0.000000030640	0.0000
1.4051	0.000000016126	0.0000
1.4065	0.000000030640	0.0000
1.4079	0.000000037090	0.0000
1.4093	0.000000012901	0.0000
1.4107	0.000000020964	0.0000
1.4121	0.000000033865	0.0000
1.4135	0.000000038703	0.0000
1.4149	0.000000035477	0.0000
1.4163	0.000000027414	0.0000
1.4177	0.000000038703	0.0000
1.4191	0.000000032252	0.0000
1.4205	0.000000017739	0.0000
1.4219	0.000000043540	0.0000
1.4233	0.000000032252	0.0000
1.4247	0.000000030640	0.0000
1.4261	0.000000020964	0.0000
1.4275	0.000000030640	0.0000
1.4289	0.000000019351	0.0000
1.4303	0.000000035477	0.0000
1.4317	0.000000027414	0.0000
1.4331	0.000000037090	0.0000
1.4345	0.000000024189	0.0000
1.4359	0.000000032252	0.0000
1.4373	0.000000027414	0.0000
1.4387	0.000000033865	0.0000
1.4401	0.000000029027	0.0000
1.4415	0.000000027414	0.0000
1.4429	0.000000027414	0.0000
1.4443	0.000000025802	0.0000
1.4457	0.000000027414	0.0000
1.4471	0.000000027414	0.0000
1.4485	0.000000020964	0.0000
1.4499	0.000000032252	0.0000
1.4513	0.000000032252	0.0000
1.4527	0.000000045153	0.0000
1.4541	0.000000027414	0.0000
1.4555	0.000000038703	0.0000
1.4569	0.000000035477	0.0000
1.4583	0.000000043540	0.0000
1.4597	0.000000035477	0.0000
1.4611	0.000000032252	0.0000
1.4625	0.000000037090	0.0000
1.4639	0.000000035477	0.0000
1.4653	0.000000035477	0.0000
1.4667	0.000000012901	0.0000
1.4681	0.000000024189	0.0000
1.4695	0.000000019351	0.0000
1.4709	0.000000035477	0.0000
1.4723	0.000000033865	0.0000
1.4738	0.000000030640	0.0000
1.4752	0.000000025802	0.0000
1.4766	0.000000022577	0.0000
1.4780	0.000000040315	0.0000
1.4794	0.000000045153	0.0000
1.4808	0.000000041928	0.0000
1.4822	0.000000040315	0.0000
1.4836	0.000000040315	0.0000
1.4850	0.000000046766	0.0000
1.4864	0.000000040315	0.0000
1.4878	0.000000072567	0.0000
1.4892	0.000000051603	0.0000
1.4906	0.000000083856	0.0000
1.4920	0.000000082243	0.0000
1.4934	0.000000079018	0.0000
1.4948	0.000000058054	0.0000
1.4962	0.000000090306	0.0000
1.4976	0.000000093531	0.0000
1.4990	0.000000083856	0.0000
1.5003	0.000000056441	0.0000
1.5017	0.000000087081	0.0000
1.5031	0.000000104820	0.0000
1.5045	0.000000106432	0.0000
1.5060	0.000000098369	0.0000
1.5074	0.000000088693	0.0000
1.5088	0.000000082243	0.0000
1.5102	0.000000077405	0.0000
1.5116	0.000000099982	0.0000
1.5130	0.000000087081	0.0000
1.5144	0.000000059666	0.0000
1.5158	0.000000070955	0.0000
1.5172	0.000000061279	0.0000
1.5186	0.000000061279	0.0000
1.5200	0.000000062892	0.0000
1.5214	0.000000058054	0.0000
1.5228	0.000000049991	0.0000
1.5242	0.000000046766	0.0000
1.5256	0.000000025802	0.0000
1.5270	0.000000049991	0.0000
1.5284	0.000000038703	0.0000
1.5298	0.000000032252	0.0000
1.5312	0.000000030640	0.0000
1.5326	0.000000038703	0.0000
1.5340	0.000000030640	0.0000
1.5354	0.000000030640	0.0000
1.5368	0.000000025802	0.0000
1.5382	0.000000022577	0.0000
1.5395	0.000000027414	0.0000
1.5409	0.000000045153	0.0000
1.5423	0.000000037090	0.0000
1.5437	0.000000020964	0.0000
1.5451	0.000000037090	0.0000
1.5465	0.000000027414	0.0000
1.5479	0.000000035477	0.0000
1.5493	0.000000038703	0.0000
1.5507	0.000000030640	0.0000
1.5521	0.000000025802	0.0000
1.5535	0.000000019351	0.0000
1.5549	0.000000035477	0.0000
1.5563	0.000000029027	0.0000
1.5577	0.000000030640	0.0000
1.5591	0.000000017739	0.0000
1.5605	0.000000041928	0.0000
1.5619	0.000000041928	0.0000
1.5633	0.000000033865	0.0000
1.5647	0.000000020964	0.0000
1.5661	0.000000017739	0.0000
1.5675	0.000000029027	0.0000
1.5689	0.000000027414	0.0000
1.5703	0.000000022577	0.0000
1.5717	0.000000020964	0.0000
1.5731	0.000000030640	0.0000
1.5744	0.000000025802	0.0000
1.5758	0.000000030640	0.0000
1.5772	0.000000022577	0.0000
1.5786	0.000000024189	0.0000
1.5800	0.000000030640	0.0000
1.5814	0.000000017739	0.0000
1.5828	0.000000029027	0.0000
1.5842	0.000000019351	0.0000
1.5856	0.000000019351	0.0000
1.5870	0.000000022577	0.0000
1.5884	0.000000035477	0.0000
1.5898	0.000000025802	0.0000
1.5912	0.000000022577	0.0000
1.5926	0.000000014513	0.0000
1.5940	0.000000012901	0.0000
1.5954	0.000000024189	0.0000
1.5968	0.000000024189	0.0000
1.5982	0.000000035477	0.0000
1.5996	0.000000024189	0.0000
1.6009	0.000000033865	0.0000
1.6023	0.000000029027	0.0000
1.6037	0.000000025802	0.0000
1.6051	0.000000012901	0.0000
1.6065	0.000000027414	0.0000
1.6079	0.000000037090	0.0000
1.6093	0.000000032252	0.0000
1.6107	0.000000035477	0.0000
1.6121	0.000000022577	0.0000
1.6135	0.000000017739	0.0000
1.6149	0.000000024189	0.0000
1.6163	0.000000016126	0.0000
1.6177	0.000000022577	0.0000
1.6191	0.000000037090	0.0000
1.6205	0.000000030640	0.0000
1.6219	0.000000027414	0.0000
1.6233	0.000000025802	0.0000
1.6247	0.000000017739	0.0000
1.6261	0.000000027414	0.0000
1.6275	0.000000022577	0.0000
1.6289	0.000000029027	0.0000
1.6303	0.000000022577	0.0000
1.6317	0.000000030640	0.0000
1.6331	0.000000025802	0.0000
1.6345	0.000000037090	0.0000
1.6359	0.000000029027	0.0000
1.6373	0.000000029027	0.0000
1.6387	0.000000032252	0.0000
1.6400	0.000000033865	0.0000
1.6414	0.000000035477	0.0000
1.6428	0.000000020964	0.0000
1.6442	0.000000037090	0.0000
1.6457	0.000000030640	0.0000
1.6471	0.000000030640	0.0000
1.6484	0.000000033865	0.0000
1.6498	0.000000025802	0.0000
1.6512	0.000000030640	0.0000
1.6526	0.000000033865	0.0000
1.6540	0.000000033865	0.0000
1.6554	0.000000032252	0.0000
1.6568	0.000000025802	0.0000
1.6582	0.000000025802	0.0000
1.6596	0.000000016126	0.0000
1.6610	0.000000029027	0.0000
1.6624	0.000000033865	0.0000
1.6638	0.000000025802	0.0000
1.6652	0.000000045153	0.0000
1.6666	0.000000024189	0.0000
1.6680	0.000000017739	0.0000
1.6694	0.000000037090	0.0000
1.6708	0.000000032252	0.0000
1.6721	0.000000029027	0.0000
1.6735	0.000000037090	0.0000
1.6749	0.000000033865	0.0000
1.6763	0.000000030640	0.0000
1.6777	0.000000033865	0.0000
1.6791	0.000000030640	0.0000
1.6805	0.000000027414	0.0000
1.6819	0.000000037090	0.0000
1.6833	0.000000032252	0.0000
1.6847	0.000000025802	0.0000
1.6861	0.000000029027	0.0000
1.6874	0.000000025802	0.0000
1.6888	0.000000022577	0.0000
1.6902	0.000000025802	0.0000
1.6916	0.000000025802	0.0000
1.6930	0.000000030640	0.0000
1.6944	0.000000020964	0.0000
1.6958	0.000000033865	0.0000
1.6972	0.000000033865	0.0000
1.6986	0.000000030640	0.0000
1.7000	0.000000027414	0.0000
1.7014	0.000000016126	0.0000
1.7028	0.000000030640	0.0000
1.7041	0.000000022577	0.0000
1.7055	0.000000027414	0.0000
1.7069	0.000000038703	0.0000
1.7083	0.000000033865	0.0000
1.7097	0.000000019351	0.0000
1.7111	0.000000027414	0.0000
1.7125	0.000000027414	0.0000
1.7139	0.000000027414	0.0000
1.7152	0.000000024189	0.0000
1.7166	0.000000029027	0.0000
1.7180	0.000000022577	0.0000
1.7194	0.000000048378	0.0000
1.7208	0.000000025802	0.0000
1.7222	0.000000027414	0.0000
1.7236	0.000000030640	0.0000
1.7250	0.000000022577	0.0000
1.7264	0.000000017739	0.0000
1.7278	0.000000045153	0.0000
1.7292	0.000000027414	0.0000
1.7306	0.000000038703	0.0000
1.7319	0.000000022577	0.0000
1.7333	0.000000024189	0.0000
1.7347	0.000000024189	0.0000
1.7361	0.000000029027	0.0000
1.7375	0.000000030640	0.0000
1.7389	0.000000037090	0.0000
1.7403	0.000000032252	0.0000
1.7417	0.000000040315	0.0000
1.7431	0.000000033865	0.0000
1.7445	0.000000029027	0.0000
1.7459	0.000000019351	0.0000
1.7472	0.000000024189	0.0000
1.7486	0.000000019351	0.0000
1.7500	0.000000045153	0.0000
1.7514	0.000000038703	0.0000
1.7528	0.000000027414	0.0000
1.7542	0.000000032252	0.0000
1.7556	0.000000024189	0.0000
1.7570	0.000000032252	0.0000
1.7584	0.000000033865	0.0000
1.7598	0.000000022577	0.0000
1.7612	0.000000029027	0.0000
1.7626	0.000000027414	0.0000
1.7640	0.000000024189	0.0000
1.7654	0.000000032252	0.0000
1.7667	0.000000032252	0.0000
1.7681	0.000000032252	0.0000
1.7695	0.000000046766	0.0000
1.7709	0.000000020964	0.0000
1.7723	0.000000045153	0.0000
1.7737	0.000000027414	0.0000
1.7751	0.000000029027	0.0000
1.7765	0.000000022577	0.0000
1.7779	0.000000033865	0.0000
1.7792	0.000000019351	0.0000
1.7806	0.000000020964	0.0000
1.7820	0.000000016126	0.0000
1.7834	0.000000017739	0.0000
1.7848	0.000000032252	0.0000
1.7862	0.000000019351	0.0000
1.7876	0.000000037090	0.0000
1.7890	0.000000032252	0.0000
1.7904	0.000000020964	0.0000
1.7918	0.000000030640	0.0000
1.7932	0.000000022577	0.0000
1.7946	0.000000024189	0.0000
1.7960	0.000000045153	0.0000
1.7973	0.000000017739	0.0000
1.7987	0.000000033865	0.0000
1.8001	0.000000035477	0.0000
1.8015	0.000000032252	0.0000
1.8029	0.000000037090	0.0000
1.8043	0.000000037090	0.0000
1.8057	0.000000030640	0.0000
1.8071	0.000000016126	0.0000
1.8084	0.000000024189	0.0000
1.8098	0.000000038703	0.0000
1.8112	0.000000033865	0.0000
1.8126	0.000000033865	0.0000
1.8140	0.000000020964	0.0000
1.8154	0.000000032252	0.0000
1.8168	0.000000037090	0.0000
1.8182	0.000000024189	0.0000
1.8196	0.000000030640	0.0000
1.8209	0.000000027414	0.0000
1.8223	0.000000033865	0.0000
1.8237	0.000000024189	0.0000
1.8251	0.000000024189	0.0000
1.8265	0.000000024189	0.0000
1.8278	0.000000025802	0.0000
1.8292	0.000000032252	0.0000
1.8306	0.000000032252	0.0000
1.8320	0.000000027414	0.0000
1.8334	0.000000024189	0.0000
1.8348	0.000000041928	0.0000
1.8362	0.000000024189	0.0000
1.8376	0.000000029027	0.0000
1.8389	0.000000035477	0.0000
1.8403	0.000000024189	0.0000
1.8417	0.000000022577	0.0000
1.8431	0.000000029027	0.0000
1.8445	0.000000030640	0.0000
1.8459	0.000000022577	0.0000
1.8473	0.000000035477	0.0000
1.8486	0.000000025802	0.0000
1.8500	0.000000038703	0.0000
1.8514	0.000000019351	0.0000
1.8528	0.000000029027	0.0000
1.8542	0.000000020964	0.0000
1.8555	0.000000035477	0.0000
1.8569	0.000000027414	0.0000
1.8583	0.000000033865	0.0000
1.8597	0.000000037090	0.0000
1.8611	0.000000038703	0.0000
1.8625	0.000000043540	0.0000
1.8639	0.000000037090	0.0000
1.8652	0.000000033865	0.0000
1.8666	0.000000033865	0.0000
1.8680	0.000000030640	0.0000
1.8694	0.000000025802	0.0000
1.8708	0.000000037090	0.0000
1.8722	0.000000035477	0.0000
1.8736	0.000000043540	0.0000
1.8749	0.000000045153	0.0000
1.8763	0.000000030640	0.0000
1.8777	0.000000041928	0.0000
1.8791	0.000000035477	0.0000
1.8805	0.000000035477	0.0000
1.8819	0.000000035477	0.0000
1.8833	0.000000053216	0.0000
1.8846	0.000000048378	0.0000
1.8860	0.000000038703	0.0000
1.8874	0.000000049991	0.0000
1.8888	0.000000058054	0.0000
1.8902	0.000000037090	0.0000
1.8916	0.000000041928	0.0000
1.8930	0.000000029027	0.0000
1.8944	0.000000035477	0.0000
1.8958	0.000000022577	0.0000
1.8971	0.000000025802	0.0000
1.8985	0.000000053216	0.0000
1.8999	0.000000041928	0.0000
1.9013	0.000000030640	0.0000
1.9027	0.000000030640	0.0000
1.9041	0.000000027414	0.0000
1.9054	0.000000025802	0.0000
1.9068	0.000000022577	0.0000
1.9082	0.000000020964	0.0000
1.9096	0.000000038703	0.0000
1.9110	0.000000029027	0.0000
1.9124	0.000000022577	0.0000
1.9138	0.000000030640	0.0000
1.9151	0.000000032252	0.0000
1.9165	0.000000027414	0.0000
1.9179	0.000000032252	0.0000
1.9193	0.000000030640	0.0000
1.9207	0.000000030640	0.0000
1.9221	0.000000024189	0.0000
1.9235	0.000000027414	0.0000
1.9249	0.000000025802	0.0000
1.9262	0.000000025802	0.0000
1.9276	0.000000033865	0.0000
1.9290	0.000000027414	0.0000
1.9304	0.000000020964	0.0000
1.9318	0.000000024189	0.0000
1.9332	0.000000035477	0.0000
1.9345	0.000000037090	0.0000
1.9359	0.000000017739	0.0000
1.9373	0.000000030640	0.0000
1.9387	0.000000035477	0.0000
1.9401	0.000000032252	0.0000
1.9415	0.000000022577	0.0000
1.9428	0.000000024189	0.0000
1.9442	0.000000017739	0.0000
1.9456	0.000000016126	0.0000
1.9470	0.000000025802	0.0000
1.9484	0.000000033865	0.0000
1.9497	0.000000022577	0.0000
1.9511	0.000000046766	0.0000
1.9525	0.000000037090	0.0000
1.9539	0.000000024189	0.0000
1.9553	0.000000029027	0.0000
1.9567	0.000000043540	0.0000
1.9580	0.000000025802	0.0000
1.9594	0.000000019351	0.0000
1.9608	0.000000027414	0.0000
1.9622	0.000000029027	0.0000
1.9636	0.000000024189	0.0000
1.9649	0.000000035477	0.0000
1.9663	0.000000038703	0.0000
1.9677	0.000000037090	0.0000
1.9691	0.000000033865	0.0000
1.9704	0.000000020964	0.0000
1.9718	0.000000027414	0.0000
1.9732	0.000000035477	0.0000
1.9746	0.000000014513	0.0000
1.9760	0.000000038703	0.0000
1.9773	0.000000025802	0.0000
1.9787	0.000000035477	0.0000
1.9801	0.000000024189	0.0000
1.9815	0.000000030640	0.0000
1.9829	0.000000030640	0.0000
1.9843	0.000000027414	0.0000
1.9856	0.000000025802	0.0000
1.9870	0.000000040315	0.0000
1.9884	0.000000025802	0.0000
1.9898	0.000000038703	0.0000
1.9912	0.000000037090	0.0000
1.9925	0.000000032252	0.0000
1.9939	0.000000041928	0.0000
1.9953	0.000000040315	0.0000
1.9966	0.000000027414	0.0000
1.9980	0.000000032252	0.0000
1.9994	0.000000040315	0.0000
2.0008	0.000000024189	0.0000
2.0022	0.000000022577	0.0000
2.0035	0.000000029027	0.0000
2.0049	0.000000035477	0.0000
2.0063	0.000000025802	0.0000
2.0077	0.000000025802	0.0000
2.0091	0.000000014513	0.0000
2.0104	0.000000029027	0.0000
2.0118	0.000000033865	0.0000
2.0132	0.000000033865	0.0000
2.0146	0.000000024189	0.0000
2.0160	0.000000032252	0.0000
2.0173	0.000000029027	0.0000
2.0187	0.000000024189	0.0000
2.0201	0.000000030640	0.0000
2.0215	0.000000020964	0.0000
2.0229	0.000000022577	0.0000
2.0242	0.000000033865	0.0000
2.0256	0.000000027414	0.0000
2.0270	0.000000033865	0.0000
2.0284	0.000000025802	0.0000
2.0298	0.000000035477	0.0000
2.0312	0.000000027414	0.0000
2.0325	0.000000030640	0.0000
2.0339	0.000000025802	0.0000
2.0353	0.000000030640	0.0000
2.0367	0.000000024189	0.0000
2.0381	0.000000030640	0.0000
2.0394	0.000000029027	0.0000
2.0408	0.000000025802	0.0000
2.0422	0.000000032252	0.0000
2.0436	0.000000029027	0.0000
2.0450	0.000000037090	0.0000
2.0463	0.000000030640	0.0000
2.0477	0.000000024189	0.0000
2.0491	0.000000029027	0.0000
2.0505	0.000000025802	0.0000
2.0518	0.000000025802	0.0000
2.0532	0.000000035477	0.0000
2.0546	0.000000017739	0.0000
2.0560	0.000000020964	0.0000
2.0574	0.000000020964	0.0000
2.0587	0.000000040315	0.0000
2.0601	0.000000029027	0.0000
2.0615	0.000000041928	0.0000
2.0629	0.000000027414	0.0000
2.0643	0.000000016126	0.0000
2.0657	0.000000020964	0.0000
2.0670	0.000000032252	0.0000
2.0684	0.000000032252	0.0000
2.0698	0.000000040315	0.0000
2.0712	0.000000027414	0.0000
2.0725	0.000000025802	0.0000
2.0739	0.000000025802	0.0000
2.0753	0.000000041928	0.0000
2.0767	0.000000027414	0.0000
2.0780	0.000000029027	0.0000
2.0794	0.000000024189	0.0000
2.0808	0.000000032252	0.0000
2.0822	0.000000030640	0.0000
2.0836	0.000000032252	0.0000
2.0849	0.000000037090	0.0000
2.0863	0.000000032252	0.0000
2.0877	0.000000027414	0.0000
2.0891	0.000000024189	0.0000
2.0904	0.000000024189	0.0000
2.0918	0.000000048378	0.0000
2.0932	0.000000032252	0.0000
2.0946	0.000000032252	0.0000
2.0959	0.000000017739	0.0000
2.0973	0.000000024189	0.0000
2.0987	0.000000019351	0.0000
2.1001	0.000000025802	0.0000
2.1014	0.000000032252	0.0000
2.1028	0.000000030640	0.0000
2.1042	0.000000041928	0.0000
2.1055	0.000000022577	0.0000
2.1069	0.000000029027	0.0000
2.1083	0.000000038703	0.0000
2.1097	0.000000027414	0.0000
2.1110	0.000000000000	0.0000
