0.01333	1	7.76274E-5
0.01457	0.97455	7.89205E-5
0.01576	0.98077	8.31138E-5
0.01696	0.96229	8.48741E-5
0.01831	0.93317	8.67871E-5
0.01949	0.90313	8.83715E-5
0.02074	0.82236	8.68798E-5
0.02193	0.68832	8.21349E-5
0.02306	0.50493	7.16346E-5
0.02435	0.32538	5.85415E-5
0.02548	0.18735	4.55149E-5
0.02679	0.11423	3.68619E-5
0.02797	0.09979	3.50685E-5
0.02919	0.09858	3.61173E-5
0.03045	0.0768	3.20184E-5
0.03157	0.04847	2.57391E-5
0.03289	0.02716	1.98944E-5
0.0341	0.01654	1.57815E-5
0.0352	0.01637	1.61431E-5
0.03649	0.01923	1.74912E-5
0.03772	0.02219	1.91755E-5
0.03899	0.02091	1.88845E-5
0.04012	0.01731	1.75732E-5
0.04129	0.01179	1.46342E-5
0.0426	0.00747	1.19371E-5
0.0438	0.00477	9.63512E-6
0.04507	0.00408	9.05001E-6
0.04623	0.00478	9.98668E-6
0.04741	0.00572	1.09657E-5
0.04872	0.0062	1.1504E-5
0.04988	0.00614	1.17574E-5
0.05115	0.00527	1.10269E-5
0.05231	0.0039	9.49819E-6
0.05353	0.00274	8.08669E-6
0.0548	0.00198	6.98711E-6
0.05596	0.00162	6.31244E-6
0.05725	0.0017	6.58533E-6
0.05846	0.00196	7.20561E-6
0.05968	0.00213	7.50799E-6
0.06089	0.0022	7.69565E-6
0.06205	0.00211	7.71333E-6
0.06334	0.00173	6.98647E-6
0.06447	0.0014	6.41165E-6
0.06581	0.00108	5.69849E-6
0.06703	8.51702E-4	5.08469E-6
0.06824	7.48192E-4	4.77967E-6
0.06943	7.91984E-4	4.97517E-6
0.07064	8.44174E-4	5.11922E-6
0.07175	8.83857E-4	5.30603E-6
0.07307	8.78045E-4	5.31761E-6
0.0742	8.3671E-4	5.28272E-6
0.07554	7.3128E-4	4.94439E-6
0.07664	6.3196E-4	4.65779E-6
0.07797	5.01798E-4	4.18838E-6
0.0792	4.44257E-4	4.00353E-6
0.08033	3.82235E-4	3.7042E-6
0.08161	3.86592E-4	3.75301E-6
0.08278	3.96345E-4	3.83451E-6
0.084	4.00472E-4	3.88826E-6
0.08527	4.00896E-4	3.91397E-6
0.08644	3.73638E-4	3.79892E-6
0.08768	3.49747E-4	3.71484E-6
0.08881	3.12191E-4	3.53413E-6
0.09014	2.71628E-4	3.32521E-6
0.09132	2.41007E-4	3.15707E-6
0.09248	2.19905E-4	3.03213E-6
0.09384	2.0513E-4	2.94306E-6
0.09496	2.06172E-4	2.9833E-6
0.09625	1.96392E-4	2.9247E-6
0.09742	1.95047E-4	2.96085E-6
0.09859	1.9264E-4	2.95749E-6
0.09987	1.81944E-4	2.90178E-6
0.10104	1.75159E-4	2.85357E-6
0.1023	1.57052E-4	2.73822E-6
0.10353	1.29689E-4	2.48455E-6
0.10464	1.23936E-4	2.46293E-6
0.10596	1.19143E-4	2.4367E-6
0.10715	1.09461E-4	2.33993E-6
0.10835	1.05661E-4	2.30205E-6
0.10957	9.96816E-5	2.25549E-6
0.11082	9.71502E-5	2.23523E-6
0.11209	9.47612E-5	2.23893E-6
0.11322	8.69215E-5	2.12647E-6
0.11449	8.73769E-5	2.15793E-6
0.11564	7.88575E-5	2.02999E-6
0.1168	7.51655E-5	1.97727E-6
0.11816	6.74023E-5	1.88976E-6
0.1193	6.37355E-5	1.85012E-6
0.1206	6.04768E-5	1.81178E-6
0.12178	5.99971E-5	1.77928E-6
0.12291	5.64626E-5	1.72245E-6
0.12427	5.29628E-5	1.68219E-6
0.12535	5.2142E-5	1.67248E-6
0.12657	5.44276E-5	1.71591E-6
0.12795	4.7607E-5	1.59368E-6
0.12901	4.75617E-5	1.60727E-6
0.13038	4.08659E-5	1.49706E-6
0.13146	3.84846E-5	1.45558E-6
0.1327	3.90231E-5	1.45693E-6
0.13392	3.2962E-5	1.33583E-6
0.13503	3.50394E-5	1.4033E-6
0.1364	3.57602E-5	1.40096E-6
0.13758	3.3855E-5	1.37675E-6
0.13888	2.87747E-5	1.26323E-6
0.14006	2.96639E-5	1.28413E-6
0.1412	2.59408E-5	1.21648E-6
0.14243	2.86092E-5	1.27512E-6
0.14364	2.65205E-5	1.2267E-6
0.14488	2.48316E-5	1.17659E-6
0.14615	2.16879E-5	1.113E-6
0.14724	2.29318E-5	1.14633E-6
0.14864	2.05506E-5	1.10123E-6
0.14972	1.82646E-5	1.03495E-6
0.15092	1.90734E-5	1.07075E-6
0.15213	1.76908E-5	1.01133E-6
0.15338	1.82252E-5	1.04256E-6
0.15463	1.52201E-5	9.64129E-7
0.15588	1.45296E-5	9.40046E-7
0.15703	1.25475E-5	8.89864E-7
0.15818	1.44723E-5	9.21666E-7
0.15936	1.28823E-5	9.05282E-7
0.16075	1.19117E-5	8.58254E-7
0.16189	1.10942E-5	8.43203E-7
0.16318	1.20079E-5	8.85503E-7
0.16428	1.13366E-5	8.35425E-7
0.16555	9.47847E-6	7.84143E-7
0.16688	1.08716E-5	8.23837E-7
0.16796	7.94291E-6	7.38989E-7
0.16924	7.78324E-6	7.38627E-7
0.17043	8.26483E-6	7.4616E-7
0.1715	8.09401E-6	7.4538E-7
0.17299	8.104E-6	7.4757E-7
0.17402	8.03749E-6	7.40997E-7
0.17534	6.302E-6	6.85405E-7
0.17645	6.24051E-6	6.78338E-7
0.17763	4.793E-6	6.20965E-7
0.17898	6.51377E-6	6.84856E-7
0.18013	5.93917E-6	6.65236E-7
0.18141	5.14653E-6	6.43595E-7
0.1826	5.11754E-6	6.41616E-7
0.18367	4.78414E-6	6.17412E-7
0.1851	4.29546E-6	6.00786E-7
0.18612	4.76873E-6	5.90076E-7
0.18746	4.03573E-6	5.98783E-7
0.18868	3.61312E-6	5.91457E-7
0.1898	5.3734E-6	6.48113E-7
0.19114	3.82761E-6	5.66815E-7
0.19228	4.54346E-6	6.16644E-7
0.19358	4.25812E-6	5.80219E-7
0.19475	3.41074E-6	5.28077E-7
0.19587	4.3618E-6	6.18632E-7
0.19715	3.41066E-6	5.56807E-7
0.19834	3.73703E-6	5.70785E-7
0.19967	3.06447E-6	5.26698E-7
0.20079	3.33654E-6	5.48798E-7
0.20204	2.57786E-6	4.96812E-7
0.20335	1.9618E-6	4.8267E-7
0.20433	2.52467E-6	4.87928E-7
0.20572	3.10621E-6	5.49564E-7
0.20687	2.12354E-6	4.77464E-7
0.20823	1.86274E-6	4.79246E-7
0.20933	2.64862E-6	5.01131E-7
0.2104	2.13728E-6	5.06859E-7
0.21186	2.07953E-6	4.73511E-7
0.2129	2.62971E-6	5.04987E-7
0.21419	2.10126E-6	5.07555E-7
0.21541	1.32761E-6	4.23214E-7
0.21651	2.41805E-6	5.00092E-7
0.21798	1.82552E-6	4.58545E-7
0.21901	1.89857E-6	4.62165E-7
0.22022	1.32782E-6	4.35871E-7
0.22138	2.02196E-6	4.71667E-7
0.22268	2.42536E-6	4.94058E-7
0.22399	1.80589E-6	4.64692E-7
